 机器码：6986573153328825640103758662064014061705
    用户名：linux
    注册码：
        1848776887
        1770571137
        6859842381
        0955151844
        4551827588
        3324378609
        9789499724
        4457050613
        2281804694
        1637600665
        7085500730
        5627008537
        3208218946
        0557633929
        1345115070
        3407631742
        8224919734
        2218
        3500609236
        1860130140
        4722825110
        7052154161
        2151901780
        1212403718
        8011010091
        2251390180
        6715616121
        2186201007
        1170842001
        2501208814
        9253111051
        1541652112
        0519601201
        2095200125
        0060942271
        3702807123
        4209212204
        1981141240
        8624813906
        2086202171
        218
        18416717